# R-1（Remotion 載せ替え）効果確認 2026-09-19 実施
# 差し替え日 2026-09-03 / 判定: ① OK（スキップ率 50.6→43.0% / 平均視聴 12.4→19.2 秒） ② NG（コメント中央値 10→6）


## weekly_age_fixed
set_code           week_from  n   avg_views_72h  avg_reach_72h  avg_skip_pct_72h  avg_watch_s_72h  avg_comments_72h  avg_saved_72h
-----------------  ---------  --  -------------  -------------  ----------------  ---------------  ----------------  -------------
fantasy-animals-1  08-03      2   47             44             86.5              2.0              0.00              0.00         
fantasy-animals-1  08-10      7   89             84             91.9              1.6              0.00              0.00         
fantasy-animals-1  08-17      7   92             86             92.7              2.0              0.00              0.14         
fantasy-animals-1  08-24      7   43             41             95.4              1.2              0.00              0.00         
logic-training-1   08-03      5   94             85             79.1              3.8              0.00              0.00         
logic-training-1   08-10      21  558            349            80.2              3.9              0.48              0.14         
logic-training-1   08-17      18  1246           902            67.6              6.6              1.89              0.28         
logic-training-1   08-24      14  2060           1292           52.1              15.1             9.07              1.21         
logic-training-1   08-31      12  1760           1080           52.2              18.5             12.50             0.92         
logic-training-1   09-07      14  16396          9680           44.9              18.3             10.14             2.93         
logic-training-1   09-14      4   5745           3078           45.4              22.2             10.25             1.75         
pref-ranking-1     08-24      5   905            753            61.0              10.4             0.00              1.00         
pref-ranking-1     08-31      7   87             76             67.7              21.9             0.00              0.00         
pref-ranking-1     09-07      7   132            113            69.2              7.0              0.00              0.00         
pref-ranking-1     09-14      2   39             38             77.7              3.0              0.00              0.00         
(15 rows)

## per_post_latest
set_code           post_id  posted_jst   age_days  views   reach  skip_rate_pct  avg_watch_s  likes  comments  saved  shares
-----------------  -------  -----------  --------  ------  -----  -------------  -----------  -----  --------  -----  ------
fantasy-animals-1  73       08-08 21:07  13.8      25      25     79.2           2.1          1      0         0      0     
fantasy-animals-1  80       08-09 21:07  13.8      69      63     93.7           1.8          1      0         0      0     
fantasy-animals-1  87       08-10 21:07  13.8      25      20     81.0           1.9          0      0         0      0     
fantasy-animals-1  94       08-11 21:06  13.8      110     103    92.1           1.8          2      0         0      1     
fantasy-animals-1  101      08-12 21:07  13.8      102     95     92.6           1.8          2      0         0      1     
fantasy-animals-1  108      08-13 21:07  13.8      108     99     94.8           1.4          0      0         0      0     
fantasy-animals-1  115      08-14 21:07  13.8      111     105    91.6           1.5          0      0         0      1     
fantasy-animals-1  122      08-15 21:06  13.8      96      88     97.7           1.3          1      0         0      0     
fantasy-animals-1  129      08-16 21:06  13.8      75      80     91.4           1.6          1      0         0      0     
fantasy-animals-1  136      08-17 21:06  13.8      100     91     89.9           3.0          3      0         1      0     
fantasy-animals-1  143      08-18 21:06  13.8      37      31     86.7           3.7          1      0         0      0     
fantasy-animals-1  150      08-19 21:06  13.8      110     103    88.9           1.8          0      0         0      0     
fantasy-animals-1  157      08-20 21:07  13.3      69      71     95.6           1.1          0      0         0      0     
fantasy-animals-1  164      08-21 21:07  12.3      108     103    96.0           1.7          2      0         0      0     
fantasy-animals-1  171      08-22 21:07  11.3      122     108    94.5           1.4          1      0         0      0     
fantasy-animals-1  178      08-23 21:06  10.3      108     102    93.9           1.5          1      0         0      0     
fantasy-animals-1  183      08-24 21:06  9.3       69      65     100.0          1.0          0      0         0      0     
fantasy-animals-1  188      08-25 21:06  8.3       12      11     90.9           1.8          0      0         0      0     
fantasy-animals-1  193      08-26 21:07  7.3       18      16     93.8           1.5          0      0         0      0     
fantasy-animals-1  202      08-27 21:06  6.3       24      22     81.8           1.6          0      0         0      0     
fantasy-animals-1  209      08-28 21:06  5.3       25      25     91.7           1.8          0      0         0      0     
fantasy-animals-1  216      08-29 21:07  4.3       76      72     95.8           1.2          0      0         0      0     
fantasy-animals-1  221      08-30 21:06  3.3       82      80     97.4           1.0          0      0         0      0     
fantasy-animals-1  230      08-31 21:07  2.3       55      46     78.3           3.5          1      0         0      1     
fantasy-animals-1  237      09-01 21:07  1.3       27      23     91.7           2.0          2      0         0      0     
fantasy-animals-1  244      09-02 21:07  0.3       23      21     95.2           1.5          2      0         0      0     
logic-training-1   69       08-08 13:20  13.7      99      100    93.7           2.4          0      0         0      0     
logic-training-1   71       08-08 21:03  13.8      181     158    69.7           5.4          0      0         0      0     
logic-training-1   74       08-09 07:34  13.9      154     131    68.7           5.6          0      0         0      0     
logic-training-1   76       08-09 12:34  13.7      35      35     90.6           2.4          0      0         0      0     
logic-training-1   78       08-09 21:03  13.8      14      12     54.5           6.2          0      0         0      0     
logic-training-1   81       08-10 07:33  13.9      115     110    79.6           2.7          0      0         0      0     
logic-training-1   83       08-10 12:33  13.2      62      64     95.0           1.4          0      0         0      0     
logic-training-1   85       08-10 21:04  13.8      123     106    63.8           5.3          0      0         0      0     
logic-training-1   88       08-11 07:33  13.9      107     104    81.2           2.4          0      0         0      0     
logic-training-1   90       08-11 12:33  12.2      53      48     89.1           1.8          0      0         0      0     
logic-training-1   92       08-11 21:04  13.8      119     105    86.7           3.2          0      0         0      0     
logic-training-1   95       08-12 07:33  13.9      68      68     86.2           2.4          0      0         0      0     
logic-training-1   97       08-12 12:33  11.2      104     104    91.3           1.6          0      0         0      0     
logic-training-1   99       08-12 21:03  13.8      146     115    69.3           6.8          0      0         0      0     
logic-training-1   102      08-13 07:33  13.9      77      70     72.5           4.0          0      0         0      0     
logic-training-1   104      08-13 12:34  10.2      112     113    80.6           2.5          0      0         0      0     
logic-training-1   106      08-13 21:04  13.8      110     110    68.3           3.7          0      0         0      0     
logic-training-1   109      08-14 07:34  13.9      116     108    72.6           3.1          0      0         0      0     
logic-training-1   111      08-14 12:33  9.2       114     107    84.0           2.5          0      0         0      0     
logic-training-1   113      08-14 21:04  13.8      121     109    84.0           3.6          0      0         0      0     
logic-training-1   116      08-15 07:33  13.9      125     114    73.9           3.5          0      0         0      0     
logic-training-1   118      08-15 12:33  8.2       111     105    91.4           1.9          0      0         0      0     
logic-training-1   120      08-15 21:04  13.8      141     117    76.7           4.8          0      0         0      0     
logic-training-1   123      08-16 07:34  13.9      177     142    68.6           6.0          0      0         0      0     
logic-training-1   125      08-16 12:33  7.2       93      105    94.4           1.4          0      0         0      0     
logic-training-1   127      08-16 21:04  13.8      33463   17232  46.2           23.1         7      20        5      1     
logic-training-1   130      08-17 07:33  13.9      123     116    81.7           3.2          0      0         0      0     
logic-training-1   132      08-17 12:33  6.2       111     106    80.2           3.0          0      0         0      0     
logic-training-1   134      08-17 21:03  13.8      67      48     60.0           7.9          0      2         0      0     
logic-training-1   137      08-18 07:34  13.9      140     122    71.2           4.1          0      0         0      0     
logic-training-1   139      08-18 12:33  5.2       106     106    89.1           2.6          0      0         0      0     
logic-training-1   141      08-18 21:03  13.8      154     120    56.3           7.2          0      1         0      0     
logic-training-1   144      08-19 07:34  13.9      138     135    71.3           4.6          0      2         0      0     
logic-training-1   146      08-19 12:33  4.2       101     115    89.5           2.1          0      0         0      0     
logic-training-1   148      08-19 21:03  13.8      644     428    43.1           12.6         0      4         0      0     
logic-training-1   151      08-20 07:33  13.9      173     138    66.2           6.8          0      0         0      0     
logic-training-1   153      08-20 12:33  3.2       118     111    73.8           3.2          0      0         0      0     
logic-training-1   155      08-20 21:04  13.8      211     130    68.9           12.5         0      4         1      0     
logic-training-1   158      08-21 07:33  13.9      160     127    72.2           9.0          0      5         0      0     
logic-training-1   160      08-21 12:33  2.2       103     109    87.8           1.9          0      0         0      0     
logic-training-1   162      08-21 21:04  13.8      290     219    53.8           8.8          0      4         0      0     
logic-training-1   165      08-22 07:34  13.9      4330    3338   54.5           9.9          8      10        1      0     
logic-training-1   167      08-22 12:34  1.2       128     114    83.8           2.2          0      0         0      0     
logic-training-1   169      08-22 21:03  13.8      4443    2937   49.5           15.4         5      10        1      0     
logic-training-1   172      08-23 07:33  13.9      11443   7854   54.9           11.6         16     31        3      0     
logic-training-1   174      08-23 15:53  0.1       118     111    81.3           2.5          0      0         0      0     
logic-training-1   176      08-23 21:03  13.8      1331    983    42.3           10.4         0      6         0      0     
logic-training-1   179      08-24 07:33  13.9      143     125    66.9           5.0          0      4         0      0     
logic-training-1   181      08-24 21:03  13.8      215     139    62.1           13.0         1      2         1      0     
logic-training-1   184      08-25 07:33  13.9      3079    2325   52.7           15.3         3      20        2      0     
logic-training-1   186      08-25 21:04  13.8      4480    2354   48.0           30.7         4      9         5      0     
logic-training-1   189      08-26 07:33  13.9      591     443    53.8           9.2          3      12        0      0     
logic-training-1   191      08-26 21:04  13.8      210     173    61.6           5.4          0      2         0      0     
logic-training-1   196      08-27 07:33  13.9      1768    1180   46.5           12.6         7      10        2      0     
logic-training-1   200      08-27 21:04  13.8      4349    2557   46.3           25.3         4      10        1      0     
logic-training-1   203      08-28 07:33  13.9      4562    2863   46.7           15.0         6      26        1      0     
logic-training-1   207      08-28 21:04  13.8      3501    2019   33.1           23.8         4      16        1      0     
logic-training-1   210      08-29 07:34  13.9      901     620    48.6           15.5         3      16        1      0     
logic-training-1   214      08-29 21:03  13.8      291     192    48.2           11.3         0      2         0      0     
logic-training-1   217      08-30 07:34  13.9      4470    3111   49.3           12.5         8      26        1      0     
logic-training-1   222      08-30 21:10  13.8      4047    2219   42.1           22.8         3      10        1      0     
logic-training-1   224      08-31 07:34  13.9      987     696    46.6           12.3         2      39        0      0     
logic-training-1   228      08-31 21:03  13.8      2392    1707   48.3           11.3         2      28        0      0     
logic-training-1   231      09-01 07:33  13.9      453     349    55.1           8.5          3      14        0      0     
logic-training-1   235      09-01 21:03  13.8      277     178    59.3           15.8         0      4         1      0     
logic-training-1   238      09-02 07:34  13.9      242     193    51.0           7.4          0      4         0      0     
logic-training-1   242      09-02 21:04  13.8      187     105    49.5           24.7         0      2         0      0     
logic-training-1   245      09-03 07:34  13.9      224     156    53.5           10.0         0      4         0      0     
logic-training-1   249      09-03 21:03  13.8      16662   8688   45.0           29.1         13     28        12     0     
logic-training-1   251      09-04 07:34  13.9      1438    979    43.0           13.5         4      20        1      0     
logic-training-1   257      09-05 21:03  13.3      460     251    52.0           61.7         0      2         0      0     
logic-training-1   259      09-06 07:33  12.9      4920    3159   44.8           16.1         3      16        1      1     
logic-training-1   263      09-06 21:03  12.3      4291    2745   50.2           13.6         4      2         4      0     
logic-training-1   265      09-07 07:34  11.9      638     452    40.0           11.3         5      19        1      0     
logic-training-1   269      09-07 21:04  11.3      447     248    48.2           21.9         0      2         1      0     
logic-training-1   271      09-08 07:34  10.9      60544   32987  40.7           19.3         34     18        10     0     
logic-training-1   275      09-08 21:04  10.3      1273    731    43.1           23.1         0      0         3      0     
logic-training-1   277      09-09 07:33  9.9       7622    4267   49.5           22.9         6      6         3      0     
logic-training-1   281      09-09 21:03  9.3       1687    898    37.2           30.8         2      2         2      0     
logic-training-1   283      09-10 07:34  8.9       9383    6217   41.9           17.7         19     15        6      0     
logic-training-1   287      09-10 21:04  8.3       144549  85544  37.4           19.2         71     49        23     0     
logic-training-1   289      09-11 07:34  7.9       833     615    37.4           10.8         4      11        0      0     
logic-training-1   293      09-11 21:03  7.3       613     494    40.8           9.5          2      6         1      0     
logic-training-1   295      09-12 07:33  6.9       351     271    53.3           7.9          0      2         0      0     
logic-training-1   299      09-12 21:04  6.3       33698   18966  58.4           25.9         27     18        5      1     
logic-training-1   301      09-13 07:34  5.9       792     508    38.9           16.3         0      0         1      0     
logic-training-1   305      09-13 21:04  5.3       3008    1586   40.2           30.7         2      4         3      0     
logic-training-1   307      09-14 07:33  4.9       20320   10673  45.0           26.6         12     21        4      0     
logic-training-1   311      09-14 21:06  4.3       981     577    34.0           24.8         0      0         1      0     
logic-training-1   313      09-15 07:34  3.9       884     615    57.3           12.6         3      14        1      0     
logic-training-1   317      09-15 21:03  3.3       1504    870    44.5           24.5         3      6         2      0     
logic-training-1   319      09-16 07:33  2.9       1793    1048   42.6           19.3         3      16        4      0     
logic-training-1   323      09-16 21:04  2.3       610     384    49.7           14.0         0      12        0      0     
logic-training-1   325      09-17 07:33  1.9       460     314    48.3           12.6         1      2         0      0     
logic-training-1   329      09-17 21:04  1.3       1722    1050   42.3           16.1         2      8         3      0     
logic-training-1   331      09-18 07:34  0.9       5530    3795   47.3           12.7         2      10        0      0     
logic-training-1   335      09-18 21:04  0.3       586     353    46.4           14.3         0      2         0      0     
pref-ranking-1     194      08-26 23:21  13.8      156     133    60.3           7.5          0      0         0      0     
pref-ranking-1     198      08-27 20:04  13.9      560     457    54.7           19.5         3      0         1      0     
pref-ranking-1     205      08-28 20:04  13.9      157     127    62.7           8.3          0      0         0      0     
pref-ranking-1     212      08-29 20:03  13.9      3468    2896   60.2           9.9          9      0         3      0     
pref-ranking-1     219      08-30 20:03  13.9      233     200    59.4           8.4          2      0         1      0     
pref-ranking-1     226      08-31 20:03  13.9      111     101    72.3           5.3          0      0         0      0     
pref-ranking-1     233      09-01 20:03  13.9      31      23     69.6           98.5         0      0         0      0     
pref-ranking-1     240      09-02 20:04  13.9      79      73     72.2           5.4          0      0         0      0     
pref-ranking-1     247      09-03 20:03  13.9      130     107    58.9           9.3          0      0         0      0     
pref-ranking-1     253      09-04 20:04  13.9      133     108    58.9           12.5         0      0         0      0     
pref-ranking-1     255      09-05 20:04  13.4      43      36     63.9           11.2         0      0         0      0     
pref-ranking-1     261      09-06 20:03  12.4      110     104    70.2           5.3          0      0         0      0     
pref-ranking-1     267      09-07 20:03  11.4      150     124    56.9           10.1         0      0         0      0     
pref-ranking-1     273      09-08 20:04  10.4      255     216    59.1           8.3          1      0         0      0     
pref-ranking-1     279      09-09 20:03  9.4       116     103    63.4           7.0          0      0         0      0     
pref-ranking-1     285      09-10 20:04  8.4       176     143    71.3           8.3          0      0         0      0     
pref-ranking-1     291      09-11 20:03  7.4       87      85     63.9           6.9          0      0         0      0     
pref-ranking-1     297      09-12 20:04  6.4       6       6      100.0          1.5          0      0         0      0     
pref-ranking-1     303      09-13 20:03  5.4       145     123    71.5           6.2          0      0         0      0     
pref-ranking-1     309      09-14 20:04  4.4       8       7      85.7           1.9          0      0         0      0     
pref-ranking-1     315      09-15 20:03  3.4       71      69     72.1           4.3          0      0         0      0     
pref-ranking-1     321      09-16 20:04  2.4       113     97     70.1           5.5          0      0         0      0     
pref-ranking-1     327      09-17 20:03  1.4       24      23     56.5           6.5          1      0         0      0     
pref-ranking-1     333      09-18 20:04  0.4       121     108    67.3           6.0          0      0         0      0     
(147 rows)
